10000
2 38 0 1 0
2 38 0 2 1
2 38 0 3 2
2 38 0 4 3
2 38 0 5 4
2 38 0 6 5
2 38 0 7 6
2 38 0 8 7
2 38 0 9 8
2 38 0 10 9
2 38 0 11 10
2 38 0 12 11
2 38 0 13 12
2 38 0 14 13
2 38 0 15 14
2 37 0 1 15
2 37 0 2 16
2 37 0 3 17
2 37 0 4 18
2 37 0 5 19
2 37 0 6 20
2 37 0 7 21
2 37 0 8 22
2 37 0 9 23
2 37 0 10 24
2 37 0 11 25
2 37 0 12 26
2 37 0 13 27
2 37 0 14 28
2 37 0 15 29
2 37 0 16 30
2 37 0 17 31
2 37 0 18 32
2 37 0 19 33
2 37 0 20 34
0 0 36 0 32 10037
1 3 39
3 2
0 0 36 0 33 10048
4 1 16 1 1 2 0
4 1 16 1 2 2 0
4 1 16 1 3 2 0
4 1 16 1 4 2 0
4 1 16 1 5 2 0
4 1 16 1 6 2 0
4 1 16 1 7 2 0
4 1 16 1 9 2 0
1 3 39
3 2
0 0 36 0 34 10057
4 1 15 1 1 2 0
4 1 17 1 1 2 0
4 1 15 1 2 2 0
4 1 17 1 2 2 0
4 1 15 1 3 2 0
4 1 17 1 3 2 0
1 4 39
3 2
0 0 36 0 35 10088
4 1 18 1 1 2 0
4 1 20 1 1 2 0
4 1 18 1 2 2 0
4 1 20 1 2 2 0
4 1 15 1 3 2 0
4 1 16 1 3 2 0
4 1 17 1 3 2 0
4 1 18 1 3 2 0
4 1 19 1 3 2 0
4 1 20 1 3 2 0
4 1 21 1 3 2 0
4 1 17 1 4 2 0
4 1 19 1 4 2 0
4 1 17 1 5 2 0
4 1 19 1 5 2 0
4 1 15 1 6 2 0
4 1 16 1 6 2 0
4 1 17 1 6 2 0
4 1 18 1 6 2 0
4 1 19 1 6 2 0
4 1 20 1 6 2 0
4 1 21 1 6 2 0
4 1 17 1 7 2 0
4 1 19 1 7 2 0
4 1 16 1 8 2 0
4 1 18 1 8 2 0
4 1 16 1 9 2 0
4 1 18 1 9 2 0
1 7 39
3 2
0 0 36 0 36 10116
4 1 17 1 1 2 0
4 1 18 1 1 2 0
4 1 19 1 1 2 0
4 1 16 1 2 2 0
4 1 18 1 2 2 0
4 1 20 1 2 2 0
4 1 16 1 3 2 0
4 1 18 1 3 2 0
4 1 16 1 4 2 0
4 1 18 1 4 2 0
4 1 17 1 5 2 0
4 1 18 1 5 2 0
4 1 19 1 5 2 0
4 1 18 1 6 2 0
4 1 20 1 6 2 0
4 1 16 1 7 2 0
4 1 18 1 7 2 0
4 1 20 1 7 2 0
4 1 16 1 8 2 0
4 1 18 1 8 2 0
4 1 20 1 8 2 0
4 1 17 1 9 2 0
4 1 18 1 9 2 0
4 1 19 1 9 2 0
4 1 18 1 10 2 0
1 7 39
3 2
0 0 36 0 37 10148
4 1 17 1 1 2 0
4 1 18 1 1 2 0
4 1 22 1 1 2 0
4 1 16 1 2 2 0
4 1 19 1 2 2 0
4 1 21 1 2 2 0
4 1 16 1 3 2 0
4 1 19 1 3 2 0
4 1 21 1 3 2 0
4 1 16 1 4 2 0
4 1 19 1 4 2 0
4 1 20 1 4 2 0
4 1 17 1 5 2 0
4 1 18 1 5 2 0
4 1 20 1 5 2 0
4 1 22 1 5 2 0
4 1 23 1 5 2 0
4 1 20 1 6 2 0
4 1 21 1 6 2 0
4 1 24 1 6 2 0
4 1 19 1 7 2 0
4 1 21 1 7 2 0
4 1 24 1 7 2 0
4 1 19 1 8 2 0
4 1 21 1 8 2 0
4 1 24 1 8 2 0
4 1 18 1 9 2 0
4 1 22 1 9 2 0
4 1 23 1 9 2 0
1 11 39
3 2
0 0 36 0 38 10173
4 1 18 1 1 2 0
4 1 19 1 1 2 0
4 1 17 1 2 2 0
4 1 20 1 2 2 0
4 1 17 1 3 2 0
4 1 20 1 3 2 0
4 1 17 1 4 2 0
4 1 19 1 4 2 0
4 1 17 1 5 2 0
4 1 18 1 5 2 0
4 1 16 1 6 2 0
4 1 19 1 6 2 0
4 1 21 1 6 2 0
4 1 16 1 7 2 0
4 1 20 1 7 2 0
4 1 16 1 8 2 0
4 1 20 1 8 2 0
4 1 21 1 8 2 0
4 1 17 1 9 2 0
4 1 18 1 9 2 0
4 1 19 1 9 2 0
4 1 22 1 9 2 0
1 8 39
3 2
0 0 36 0 39 10179
4 1 16 1 1 2 0
4 1 16 1 2 2 0
4 1 16 1 3 2 0
1 2 39
3 2
0 0 36 0 40 10193
4 1 18 1 1 2 0
4 1 17 1 2 2 0
4 1 17 1 3 2 0
4 1 16 1 4 2 0
4 1 16 1 5 2 0
4 1 16 1 6 2 0
4 1 16 1 7 2 0
4 1 16 1 8 2 0
4 1 17 1 9 2 0
4 1 17 1 10 2 0
4 1 18 1 11 2 0
1 4 39
3 2
0 0 36 0 41 10207
4 1 15 1 1 2 0
4 1 16 1 2 2 0
4 1 16 1 3 2 0
4 1 17 1 4 2 0
4 1 17 1 5 2 0
4 1 17 1 6 2 0
4 1 17 1 7 2 0
4 1 17 1 8 2 0
4 1 16 1 9 2 0
4 1 16 1 10 2 0
4 1 15 1 11 2 0
1 4 39
3 2
0 0 36 0 42 10219
4 1 17 1 1 2 0
4 1 15 1 2 2 0
4 1 16 1 2 2 0
4 1 17 1 2 2 0
4 1 18 1 2 2 0
4 1 19 1 2 2 0
4 1 17 1 3 2 0
4 1 16 1 4 2 0
4 1 18 1 4 2 0
1 5 39
3 2
0 0 36 0 43 10231
4 1 18 1 3 2 0
4 1 18 1 4 2 0
4 1 16 1 5 2 0
4 1 17 1 5 2 0
4 1 18 1 5 2 0
4 1 19 1 5 2 0
4 1 20 1 5 2 0
4 1 18 1 6 2 0
4 1 18 1 7 2 0
1 7 39
3 2
0 0 36 0 44 10237
4 1 16 1 9 2 0
4 1 16 1 10 2 0
4 1 16 1 11 2 0
1 3 39
3 2
0 0 36 0 45 10243
4 1 15 1 6 2 0
4 1 16 1 6 2 0
4 1 17 1 6 2 0
1 4 39
3 2
0 0 36 0 46 10247
4 1 16 1 9 2 0
1 3 39
3 2
0 0 36 0 47 10259
4 1 17 1 1 2 0
4 1 17 1 2 2 0
4 1 16 1 3 2 0
4 1 16 1 4 2 0
4 1 16 1 5 2 0
4 1 16 1 6 2 0
4 1 16 1 7 2 0
4 1 15 1 8 2 0
4 1 15 1 9 2 0
1 3 39
3 2
0 0 36 0 48 10282
4 1 17 1 1 2 0
4 1 18 1 1 2 0
4 1 19 1 1 2 0
4 1 16 1 2 2 0
4 1 20 1 2 2 0
4 1 16 1 3 2 0
4 1 20 1 3 2 0
4 1 16 1 4 2 0
4 1 20 1 4 2 0
4 1 16 1 5 2 0
4 1 20 1 5 2 0
4 1 16 1 6 2 0
4 1 20 1 6 2 0
4 1 16 1 7 2 0
4 1 20 1 7 2 0
4 1 16 1 8 2 0
4 1 20 1 8 2 0
4 1 17 1 9 2 0
4 1 18 1 9 2 0
4 1 19 1 9 2 0
1 7 39
3 2
0 0 36 0 49 10296
4 1 18 1 1 2 0
4 1 17 1 2 2 0
4 1 18 1 2 2 0
4 1 16 1 3 2 0
4 1 18 1 3 2 0
4 1 18 1 4 2 0
4 1 18 1 5 2 0
4 1 18 1 6 2 0
4 1 18 1 7 2 0
4 1 18 1 8 2 0
4 1 18 1 9 2 0
1 7 39
3 2
0 0 36 0 50 10315
4 1 17 1 1 2 0
4 1 18 1 1 2 0
4 1 19 1 1 2 0
4 1 16 1 2 2 0
4 1 20 1 2 2 0
4 1 20 1 3 2 0
4 1 20 1 4 2 0
4 1 19 1 5 2 0
4 1 19 1 6 2 0
4 1 18 1 7 2 0
4 1 17 1 8 2 0
4 1 16 1 9 2 0
4 1 17 1 9 2 0
4 1 18 1 9 2 0
4 1 19 1 9 2 0
4 1 20 1 9 2 0
1 7 39
3 2
0 0 36 0 51 10334
4 1 17 1 1 2 0
4 1 18 1 1 2 0
4 1 19 1 1 2 0
4 1 16 1 2 2 0
4 1 20 1 2 2 0
4 1 20 1 3 2 0
4 1 20 1 4 2 0
4 1 18 1 5 2 0
4 1 19 1 5 2 0
4 1 20 1 6 2 0
4 1 20 1 7 2 0
4 1 16 1 8 2 0
4 1 20 1 8 2 0
4 1 17 1 9 2 0
4 1 18 1 9 2 0
4 1 19 1 9 2 0
1 7 39
3 2
0 0 36 0 52 10355
4 1 19 1 1 2 0
4 1 18 1 2 2 0
4 1 19 1 2 2 0
4 1 18 1 3 2 0
4 1 19 1 3 2 0
4 1 17 1 4 2 0
4 1 19 1 4 2 0
4 1 17 1 5 2 0
4 1 19 1 5 2 0
4 1 16 1 6 2 0
4 1 19 1 6 2 0
4 1 16 1 7 2 0
4 1 17 1 7 2 0
4 1 18 1 7 2 0
4 1 19 1 7 2 0
4 1 20 1 7 2 0
4 1 19 1 8 2 0
4 1 19 1 9 2 0
1 7 39
3 2
0 0 36 0 53 10377
4 1 17 1 1 2 0
4 1 18 1 1 2 0
4 1 19 1 1 2 0
4 1 20 1 1 2 0
4 1 17 1 2 2 0
4 1 16 1 3 2 0
4 1 16 1 4 2 0
4 1 17 1 4 2 0
4 1 18 1 4 2 0
4 1 19 1 4 2 0
4 1 16 1 5 2 0
4 1 20 1 5 2 0
4 1 20 1 6 2 0
4 1 20 1 7 2 0
4 1 16 1 8 2 0
4 1 20 1 8 2 0
4 1 17 1 9 2 0
4 1 18 1 9 2 0
4 1 19 1 9 2 0
1 7 39
3 2
0 0 36 0 54 10401
4 1 17 1 1 2 0
4 1 18 1 1 2 0
4 1 19 1 1 2 0
4 1 16 1 2 2 0
4 1 20 1 2 2 0
4 1 16 1 3 2 0
4 1 16 1 4 2 0
4 1 18 1 4 2 0
4 1 19 1 4 2 0
4 1 16 1 5 2 0
4 1 17 1 5 2 0
4 1 20 1 5 2 0
4 1 16 1 6 2 0
4 1 20 1 6 2 0
4 1 16 1 7 2 0
4 1 20 1 7 2 0
4 1 16 1 8 2 0
4 1 20 1 8 2 0
4 1 17 1 9 2 0
4 1 18 1 9 2 0
4 1 19 1 9 2 0
1 7 39
3 2
0 0 36 0 55 10417
4 1 16 1 1 2 0
4 1 17 1 1 2 0
4 1 18 1 1 2 0
4 1 19 1 1 2 0
4 1 20 1 1 2 0
4 1 19 1 2 2 0
4 1 19 1 3 2 0
4 1 18 1 4 2 0
4 1 18 1 5 2 0
4 1 18 1 6 2 0
4 1 17 1 7 2 0
4 1 17 1 8 2 0
4 1 17 1 9 2 0
1 7 39
3 2
0 0 36 0 56 10441
4 1 17 1 1 2 0
4 1 18 1 1 2 0
4 1 19 1 1 2 0
4 1 16 1 2 2 0
4 1 20 1 2 2 0
4 1 16 1 3 2 0
4 1 20 1 3 2 0
4 1 16 1 4 2 0
4 1 20 1 4 2 0
4 1 17 1 5 2 0
4 1 18 1 5 2 0
4 1 19 1 5 2 0
4 1 16 1 6 2 0
4 1 20 1 6 2 0
4 1 16 1 7 2 0
4 1 20 1 7 2 0
4 1 16 1 8 2 0
4 1 20 1 8 2 0
4 1 17 1 9 2 0
4 1 18 1 9 2 0
4 1 19 1 9 2 0
1 7 39
3 2
0 0 36 0 57 10465
4 1 17 1 1 2 0
4 1 18 1 1 2 0
4 1 19 1 1 2 0
4 1 16 1 2 2 0
4 1 20 1 2 2 0
4 1 16 1 3 2 0
4 1 20 1 3 2 0
4 1 16 1 4 2 0
4 1 20 1 4 2 0
4 1 16 1 5 2 0
4 1 19 1 5 2 0
4 1 20 1 5 2 0
4 1 17 1 6 2 0
4 1 18 1 6 2 0
4 1 20 1 6 2 0
4 1 20 1 7 2 0
4 1 16 1 8 2 0
4 1 20 1 8 2 0
4 1 17 1 9 2 0
4 1 18 1 9 2 0
4 1 19 1 9 2 0
1 7 39
3 2
0 0 36 0 58 10470
4 1 16 1 3 2 0
4 1 16 1 9 2 0
1 3 39
3 2
0 0 36 0 59 10477
4 1 16 1 3 2 0
4 1 16 1 9 2 0
4 1 16 1 10 2 0
4 1 16 1 11 2 0
1 3 39
3 2
0 0 36 0 60 10489
4 1 20 1 3 2 0
4 1 17 1 4 2 0
4 1 18 1 4 2 0
4 1 19 1 4 2 0
4 1 16 1 5 2 0
4 1 17 1 6 2 0
4 1 18 1 6 2 0
4 1 19 1 6 2 0
4 1 20 1 7 2 0
1 7 39
3 2
0 0 36 0 61 10504
4 1 15 1 4 2 0
4 1 16 1 4 2 0
4 1 17 1 4 2 0
4 1 18 1 4 2 0
4 1 19 1 4 2 0
4 1 20 1 4 2 0
4 1 15 1 7 2 0
4 1 16 1 7 2 0
4 1 17 1 7 2 0
4 1 18 1 7 2 0
4 1 19 1 7 2 0
4 1 20 1 7 2 0
1 7 39
3 2
0 0 36 0 62 10516
4 1 16 1 3 2 0
4 1 17 1 4 2 0
4 1 18 1 4 2 0
4 1 19 1 4 2 0
4 1 20 1 5 2 0
4 1 17 1 6 2 0
4 1 18 1 6 2 0
4 1 19 1 6 2 0
4 1 16 1 7 2 0
1 7 39
3 2
0 0 36 0 63 10531
4 1 17 1 1 2 0
4 1 18 1 1 2 0
4 1 19 1 1 2 0
4 1 16 1 2 2 0
4 1 20 1 2 2 0
4 1 16 1 3 2 0
4 1 20 1 3 2 0
4 1 20 1 4 2 0
4 1 19 1 5 2 0
4 1 18 1 6 2 0
4 1 18 1 7 2 0
4 1 18 1 9 2 0
1 7 39
3 2
0 0 36 0 64 10583
4 1 20 1 1 2 0
4 1 21 1 1 2 0
4 1 22 1 1 2 0
4 1 23 1 1 2 0
4 1 18 1 2 2 0
4 1 19 1 2 2 0
4 1 24 1 2 2 0
4 1 25 1 2 2 0
4 1 17 1 3 2 0
4 1 25 1 3 2 0
4 1 17 1 4 2 0
4 1 20 1 4 2 0
4 1 21 1 4 2 0
4 1 23 1 4 2 0
4 1 26 1 4 2 0
4 1 16 1 5 2 0
4 1 19 1 5 2 0
4 1 22 1 5 2 0
4 1 23 1 5 2 0
4 1 26 1 5 2 0
4 1 16 1 6 2 0
4 1 18 1 6 2 0
4 1 22 1 6 2 0
4 1 26 1 6 2 0
4 1 16 1 7 2 0
4 1 18 1 7 2 0
4 1 22 1 7 2 0
4 1 26 1 7 2 0
4 1 16 1 8 2 0
4 1 18 1 8 2 0
4 1 22 1 8 2 0
4 1 25 1 8 2 0
4 1 16 1 9 2 0
4 1 19 1 9 2 0
4 1 20 1 9 2 0
4 1 21 1 9 2 0
4 1 22 1 9 2 0
4 1 23 1 9 2 0
4 1 24 1 9 2 0
4 1 17 1 10 2 0
4 1 26 1 10 2 0
4 1 18 1 11 2 0
4 1 24 1 11 2 0
4 1 25 1 11 2 0
4 1 19 1 12 2 0
4 1 20 1 12 2 0
4 1 21 1 12 2 0
4 1 22 1 12 2 0
4 1 23 1 12 2 0
1 12 39
3 2
0 0 36 0 65 10606
4 1 18 1 1 2 0
4 1 17 1 2 2 0
4 1 19 1 2 2 0
4 1 17 1 3 2 0
4 1 19 1 3 2 0
4 1 17 1 4 2 0
4 1 19 1 4 2 0
4 1 16 1 5 2 0
4 1 20 1 5 2 0
4 1 16 1 6 2 0
4 1 17 1 6 2 0
4 1 18 1 6 2 0
4 1 19 1 6 2 0
4 1 20 1 6 2 0
4 1 16 1 7 2 0
4 1 20 1 7 2 0
4 1 15 1 8 2 0
4 1 21 1 8 2 0
4 1 15 1 9 2 0
4 1 21 1 9 2 0
1 7 39
3 2
0 0 36 0 66 10637
4 1 16 1 1 2 0
4 1 17 1 1 2 0
4 1 18 1 1 2 0
4 1 19 1 1 2 0
4 1 20 1 1 2 0
4 1 16 1 2 2 0
4 1 21 1 2 2 0
4 1 16 1 3 2 0
4 1 21 1 3 2 0
4 1 16 1 4 2 0
4 1 21 1 4 2 0
4 1 16 1 5 2 0
4 1 17 1 5 2 0
4 1 18 1 5 2 0
4 1 19 1 5 2 0
4 1 20 1 5 2 0
4 1 21 1 5 2 0
4 1 16 1 6 2 0
4 1 21 1 6 2 0
4 1 16 1 7 2 0
4 1 21 1 7 2 0
4 1 16 1 8 2 0
4 1 21 1 8 2 0
4 1 16 1 9 2 0
4 1 17 1 9 2 0
4 1 18 1 9 2 0
4 1 19 1 9 2 0
4 1 20 1 9 2 0
1 8 39
3 2
0 0 36 0 67 10657
4 1 18 1 1 2 0
4 1 19 1 1 2 0
4 1 20 1 1 2 0
4 1 17 1 2 2 0
4 1 21 1 2 2 0
4 1 16 1 3 2 0
4 1 22 1 3 2 0
4 1 16 1 4 2 0
4 1 16 1 5 2 0
4 1 16 1 6 2 0
4 1 16 1 7 2 0
4 1 22 1 7 2 0
4 1 17 1 8 2 0
4 1 21 1 8 2 0
4 1 18 1 9 2 0
4 1 19 1 9 2 0
4 1 20 1 9 2 0
1 9 39
3 2
0 0 36 0 68 10684
4 1 16 1 1 2 0
4 1 17 1 1 2 0
4 1 18 1 1 2 0
4 1 19 1 1 2 0
4 1 20 1 1 2 0
4 1 16 1 2 2 0
4 1 21 1 2 2 0
4 1 16 1 3 2 0
4 1 22 1 3 2 0
4 1 16 1 4 2 0
4 1 22 1 4 2 0
4 1 16 1 5 2 0
4 1 22 1 5 2 0
4 1 16 1 6 2 0
4 1 22 1 6 2 0
4 1 16 1 7 2 0
4 1 22 1 7 2 0
4 1 16 1 8 2 0
4 1 21 1 8 2 0
4 1 16 1 9 2 0
4 1 17 1 9 2 0
4 1 18 1 9 2 0
4 1 19 1 9 2 0
4 1 20 1 9 2 0
1 9 39
3 2
0 0 36 0 69 10711
4 1 16 1 1 2 0
4 1 17 1 1 2 0
4 1 18 1 1 2 0
4 1 19 1 1 2 0
4 1 20 1 1 2 0
4 1 21 1 1 2 0
4 1 16 1 2 2 0
4 1 16 1 3 2 0
4 1 16 1 4 2 0
4 1 16 1 5 2 0
4 1 17 1 5 2 0
4 1 18 1 5 2 0
4 1 19 1 5 2 0
4 1 20 1 5 2 0
4 1 21 1 5 2 0
4 1 16 1 6 2 0
4 1 16 1 7 2 0
4 1 16 1 8 2 0
4 1 16 1 9 2 0
4 1 17 1 9 2 0
4 1 18 1 9 2 0
4 1 19 1 9 2 0
4 1 20 1 9 2 0
4 1 21 1 9 2 0
1 8 39
3 2
0 0 36 0 70 10730
4 1 16 1 1 2 0
4 1 17 1 1 2 0
4 1 18 1 1 2 0
4 1 19 1 1 2 0
4 1 20 1 1 2 0
4 1 16 1 2 2 0
4 1 16 1 3 2 0
4 1 16 1 4 2 0
4 1 16 1 5 2 0
4 1 17 1 5 2 0
4 1 18 1 5 2 0
4 1 19 1 5 2 0
4 1 16 1 6 2 0
4 1 16 1 7 2 0
4 1 16 1 8 2 0
4 1 16 1 9 2 0
1 7 39
3 2
0 0 36 0 71 10754
4 1 18 1 1 2 0
4 1 19 1 1 2 0
4 1 20 1 1 2 0
4 1 17 1 2 2 0
4 1 21 1 2 2 0
4 1 16 1 3 2 0
4 1 22 1 3 2 0
4 1 16 1 4 2 0
4 1 16 1 5 2 0
4 1 20 1 5 2 0
4 1 21 1 5 2 0
4 1 22 1 5 2 0
4 1 16 1 6 2 0
4 1 22 1 6 2 0
4 1 16 1 7 2 0
4 1 22 1 7 2 0
4 1 17 1 8 2 0
4 1 21 1 8 2 0
4 1 18 1 9 2 0
4 1 19 1 9 2 0
4 1 20 1 9 2 0
1 9 39
3 2
0 0 36 0 72 10780
4 1 16 1 1 2 0
4 1 22 1 1 2 0
4 1 16 1 2 2 0
4 1 22 1 2 2 0
4 1 16 1 3 2 0
4 1 22 1 3 2 0
4 1 16 1 4 2 0
4 1 22 1 4 2 0
4 1 16 1 5 2 0
4 1 17 1 5 2 0
4 1 18 1 5 2 0
4 1 19 1 5 2 0
4 1 20 1 5 2 0
4 1 21 1 5 2 0
4 1 22 1 5 2 0
4 1 16 1 6 2 0
4 1 22 1 6 2 0
4 1 16 1 7 2 0
4 1 22 1 7 2 0
4 1 16 1 8 2 0
4 1 22 1 8 2 0
4 1 16 1 9 2 0
4 1 22 1 9 2 0
1 9 39
3 2
0 0 36 0 73 10792
4 1 16 1 1 2 0
4 1 16 1 2 2 0
4 1 16 1 3 2 0
4 1 16 1 4 2 0
4 1 16 1 5 2 0
4 1 16 1 6 2 0
4 1 16 1 7 2 0
4 1 16 1 8 2 0
4 1 16 1 9 2 0
1 3 39
3 2
0 0 36 0 74 10808
4 1 19 1 1 2 0
4 1 19 1 2 2 0
4 1 19 1 3 2 0
4 1 19 1 4 2 0
4 1 19 1 5 2 0
4 1 19 1 6 2 0
4 1 15 1 7 2 0
4 1 19 1 7 2 0
4 1 15 1 8 2 0
4 1 19 1 8 2 0
4 1 16 1 9 2 0
4 1 17 1 9 2 0
4 1 18 1 9 2 0
1 6 39
3 2
0 0 36 0 75 10830
4 1 16 1 1 2 0
4 1 22 1 1 2 0
4 1 16 1 2 2 0
4 1 21 1 2 2 0
4 1 16 1 3 2 0
4 1 20 1 3 2 0
4 1 16 1 4 2 0
4 1 19 1 4 2 0
4 1 16 1 5 2 0
4 1 18 1 5 2 0
4 1 16 1 6 2 0
4 1 17 1 6 2 0
4 1 19 1 6 2 0
4 1 16 1 7 2 0
4 1 20 1 7 2 0
4 1 16 1 8 2 0
4 1 21 1 8 2 0
4 1 16 1 9 2 0
4 1 22 1 9 2 0
1 8 39
3 2
0 0 36 0 76 10847
4 1 16 1 1 2 0
4 1 16 1 2 2 0
4 1 16 1 3 2 0
4 1 16 1 4 2 0
4 1 16 1 5 2 0
4 1 16 1 6 2 0
4 1 16 1 7 2 0
4 1 16 1 8 2 0
4 1 16 1 9 2 0
4 1 17 1 9 2 0
4 1 18 1 9 2 0
4 1 19 1 9 2 0
4 1 20 1 9 2 0
4 1 21 1 9 2 0
1 7 39
3 2
0 0 36 0 77 10882
4 1 16 1 1 2 0
4 1 22 1 1 2 0
4 1 16 1 2 2 0
4 1 17 1 2 2 0
4 1 21 1 2 2 0
4 1 22 1 2 2 0
4 1 16 1 3 2 0
4 1 17 1 3 2 0
4 1 21 1 3 2 0
4 1 22 1 3 2 0
4 1 16 1 4 2 0
4 1 18 1 4 2 0
4 1 20 1 4 2 0
4 1 22 1 4 2 0
4 1 16 1 5 2 0
4 1 18 1 5 2 0
4 1 20 1 5 2 0
4 1 22 1 5 2 0
4 1 16 1 6 2 0
4 1 18 1 6 2 0
4 1 20 1 6 2 0
4 1 22 1 6 2 0
4 1 16 1 7 2 0
4 1 18 1 7 2 0
4 1 20 1 7 2 0
4 1 22 1 7 2 0
4 1 16 1 8 2 0
4 1 19 1 8 2 0
4 1 22 1 8 2 0
4 1 16 1 9 2 0
4 1 19 1 9 2 0
4 1 22 1 9 2 0
1 9 39
3 2
0 0 36 0 78 10910
4 1 16 1 1 2 0
4 1 22 1 1 2 0
4 1 16 1 2 2 0
4 1 17 1 2 2 0
4 1 22 1 2 2 0
4 1 16 1 3 2 0
4 1 18 1 3 2 0
4 1 22 1 3 2 0
4 1 16 1 4 2 0
4 1 18 1 4 2 0
4 1 22 1 4 2 0
4 1 16 1 5 2 0
4 1 19 1 5 2 0
4 1 22 1 5 2 0
4 1 16 1 6 2 0
4 1 20 1 6 2 0
4 1 22 1 6 2 0
4 1 16 1 7 2 0
4 1 20 1 7 2 0
4 1 22 1 7 2 0
4 1 16 1 8 2 0
4 1 21 1 8 2 0
4 1 22 1 8 2 0
4 1 16 1 9 2 0
4 1 22 1 9 2 0
1 9 39
3 2
0 0 36 0 79 10933
4 1 18 1 1 2 0
4 1 19 1 1 2 0
4 1 20 1 1 2 0
4 1 17 1 2 2 0
4 1 21 1 2 2 0
4 1 16 1 3 2 0
4 1 22 1 3 2 0
4 1 16 1 4 2 0
4 1 22 1 4 2 0
4 1 16 1 5 2 0
4 1 22 1 5 2 0
4 1 16 1 6 2 0
4 1 22 1 6 2 0
4 1 16 1 7 2 0
4 1 22 1 7 2 0
4 1 17 1 8 2 0
4 1 21 1 8 2 0
4 1 18 1 9 2 0
4 1 19 1 9 2 0
4 1 20 1 9 2 0
1 9 39
3 2
0 0 36 0 80 10956
4 1 16 1 1 2 0
4 1 17 1 1 2 0
4 1 18 1 1 2 0
4 1 19 1 1 2 0
4 1 20 1 1 2 0
4 1 16 1 2 2 0
4 1 21 1 2 2 0
4 1 16 1 3 2 0
4 1 21 1 3 2 0
4 1 16 1 4 2 0
4 1 21 1 4 2 0
4 1 16 1 5 2 0
4 1 17 1 5 2 0
4 1 18 1 5 2 0
4 1 19 1 5 2 0
4 1 20 1 5 2 0
4 1 16 1 6 2 0
4 1 16 1 7 2 0
4 1 16 1 8 2 0
4 1 16 1 9 2 0
1 8 39
3 2
0 0 36 0 81 10982
4 1 18 1 1 2 0
4 1 19 1 1 2 0
4 1 20 1 1 2 0
4 1 17 1 2 2 0
4 1 21 1 2 2 0
4 1 16 1 3 2 0
4 1 22 1 3 2 0
4 1 16 1 4 2 0
4 1 22 1 4 2 0
4 1 16 1 5 2 0
4 1 22 1 5 2 0
4 1 16 1 6 2 0
4 1 22 1 6 2 0
4 1 16 1 7 2 0
4 1 19 1 7 2 0
4 1 20 1 7 2 0
4 1 22 1 7 2 0
4 1 17 1 8 2 0
4 1 21 1 8 2 0
4 1 18 1 9 2 0
4 1 19 1 9 2 0
4 1 20 1 9 2 0
4 1 22 1 9 2 0
1 9 39
3 2
0 0 36 0 82 11011
4 1 16 1 1 2 0
4 1 17 1 1 2 0
4 1 18 1 1 2 0
4 1 19 1 1 2 0
4 1 20 1 1 2 0
4 1 21 1 1 2 0
4 1 16 1 2 2 0
4 1 22 1 2 2 0
4 1 16 1 3 2 0
4 1 22 1 3 2 0
4 1 16 1 4 2 0
4 1 22 1 4 2 0
4 1 16 1 5 2 0
4 1 17 1 5 2 0
4 1 18 1 5 2 0
4 1 19 1 5 2 0
4 1 20 1 5 2 0
4 1 21 1 5 2 0
4 1 16 1 6 2 0
4 1 20 1 6 2 0
4 1 16 1 7 2 0
4 1 21 1 7 2 0
4 1 16 1 8 2 0
4 1 21 1 8 2 0
4 1 16 1 9 2 0
4 1 22 1 9 2 0
1 9 39
3 2
0 0 36 0 83 11036
4 1 17 1 1 2 0
4 1 18 1 1 2 0
4 1 19 1 1 2 0
4 1 20 1 1 2 0
4 1 16 1 2 2 0
4 1 21 1 2 2 0
4 1 16 1 3 2 0
4 1 21 1 3 2 0
4 1 16 1 4 2 0
4 1 17 1 5 2 0
4 1 18 1 5 2 0
4 1 19 1 5 2 0
4 1 20 1 5 2 0
4 1 21 1 6 2 0
4 1 16 1 7 2 0
4 1 21 1 7 2 0
4 1 16 1 8 2 0
4 1 21 1 8 2 0
4 1 17 1 9 2 0
4 1 18 1 9 2 0
4 1 19 1 9 2 0
4 1 20 1 9 2 0
1 8 39
3 2
0 0 36 0 84 11054
4 1 15 1 1 2 0
4 1 16 1 1 2 0
4 1 17 1 1 2 0
4 1 18 1 1 2 0
4 1 19 1 1 2 0
4 1 20 1 1 2 0
4 1 21 1 1 2 0
4 1 18 1 2 2 0
4 1 18 1 3 2 0
4 1 18 1 4 2 0
4 1 18 1 5 2 0
4 1 18 1 6 2 0
4 1 18 1 7 2 0
4 1 18 1 8 2 0
4 1 18 1 9 2 0
1 7 39
3 2
0 0 36 0 85 11076
4 1 16 1 1 2 0
4 1 22 1 1 2 0
4 1 16 1 2 2 0
4 1 22 1 2 2 0
4 1 16 1 3 2 0
4 1 22 1 3 2 0
4 1 16 1 4 2 0
4 1 22 1 4 2 0
4 1 16 1 5 2 0
4 1 22 1 5 2 0
4 1 16 1 6 2 0
4 1 22 1 6 2 0
4 1 16 1 7 2 0
4 1 22 1 7 2 0
4 1 17 1 8 2 0
4 1 21 1 8 2 0
4 1 18 1 9 2 0
4 1 19 1 9 2 0
4 1 20 1 9 2 0
1 9 39
3 2
0 0 36 0 86 11095
4 1 15 1 1 2 0
4 1 21 1 1 2 0
4 1 15 1 2 2 0
4 1 21 1 2 2 0
4 1 16 1 3 2 0
4 1 20 1 3 2 0
4 1 16 1 4 2 0
4 1 20 1 4 2 0
4 1 16 1 5 2 0
4 1 20 1 5 2 0
4 1 17 1 6 2 0
4 1 19 1 6 2 0
4 1 17 1 7 2 0
4 1 19 1 7 2 0
4 1 18 1 8 2 0
4 1 18 1 9 2 0
1 7 39
3 2
0 0 36 0 87 11129
4 1 15 1 1 2 0
4 1 20 1 1 2 0
4 1 25 1 1 2 0
4 1 15 1 2 2 0
4 1 19 1 2 2 0
4 1 21 1 2 2 0
4 1 25 1 2 2 0
4 1 15 1 3 2 0
4 1 19 1 3 2 0
4 1 21 1 3 2 0
4 1 24 1 3 2 0
4 1 16 1 4 2 0
4 1 19 1 4 2 0
4 1 21 1 4 2 0
4 1 24 1 4 2 0
4 1 16 1 5 2 0
4 1 18 1 5 2 0
4 1 22 1 5 2 0
4 1 24 1 5 2 0
4 1 16 1 6 2 0
4 1 18 1 6 2 0
4 1 22 1 6 2 0
4 1 24 1 6 2 0
4 1 16 1 7 2 0
4 1 18 1 7 2 0
4 1 22 1 7 2 0
4 1 24 1 7 2 0
4 1 17 1 8 2 0
4 1 23 1 8 2 0
4 1 17 1 9 2 0
4 1 23 1 9 2 0
1 11 39
3 2
0 0 36 0 88 11149
4 1 15 1 1 2 0
4 1 21 1 1 2 0
4 1 16 1 2 2 0
4 1 20 1 2 2 0
4 1 16 1 3 2 0
4 1 20 1 3 2 0
4 1 17 1 4 2 0
4 1 19 1 4 2 0
4 1 18 1 5 2 0
4 1 17 1 6 2 0
4 1 19 1 6 2 0
4 1 16 1 7 2 0
4 1 20 1 7 2 0
4 1 16 1 8 2 0
4 1 20 1 8 2 0
4 1 15 1 9 2 0
4 1 21 1 9 2 0
1 7 39
3 2
0 0 36 0 89 11165
4 1 15 1 1 2 0
4 1 21 1 1 2 0
4 1 16 1 2 2 0
4 1 20 1 2 2 0
4 1 16 1 3 2 0
4 1 20 1 3 2 0
4 1 17 1 4 2 0
4 1 19 1 4 2 0
4 1 18 1 5 2 0
4 1 18 1 6 2 0
4 1 18 1 7 2 0
4 1 18 1 8 2 0
4 1 18 1 9 2 0
1 7 39
3 2
0 0 36 0 90 11188
4 1 16 1 1 2 0
4 1 17 1 1 2 0
4 1 18 1 1 2 0
4 1 19 1 1 2 0
4 1 20 1 1 2 0
4 1 21 1 1 2 0
4 1 20 1 2 2 0
4 1 19 1 3 2 0
4 1 19 1 4 2 0
4 1 18 1 5 2 0
4 1 17 1 6 2 0
4 1 17 1 7 2 0
4 1 16 1 8 2 0
4 1 15 1 9 2 0
4 1 16 1 9 2 0
4 1 17 1 9 2 0
4 1 18 1 9 2 0
4 1 19 1 9 2 0
4 1 20 1 9 2 0
4 1 21 1 9 2 0
1 7 39
3 2
0 0 36 0 91 11204
4 1 16 1 1 2 0
4 1 17 1 1 2 0
4 1 16 1 2 2 0
4 1 16 1 3 2 0
4 1 16 1 4 2 0
4 1 16 1 5 2 0
4 1 16 1 6 2 0
4 1 16 1 7 2 0
4 1 16 1 8 2 0
4 1 16 1 9 2 0
4 1 16 1 10 2 0
4 1 16 1 11 2 0
4 1 17 1 11 2 0
1 3 39
3 2
0 0 36 0 92 11216
4 1 15 1 1 2 0
4 1 15 1 2 2 0
4 1 16 1 3 2 0
4 1 16 1 4 2 0
4 1 16 1 5 2 0
4 1 16 1 6 2 0
4 1 16 1 7 2 0
4 1 17 1 8 2 0
4 1 17 1 9 2 0
1 3 39
3 2
0 0 36 0 93 11232
4 1 15 1 1 2 0
4 1 16 1 1 2 0
4 1 16 1 2 2 0
4 1 16 1 3 2 0
4 1 16 1 4 2 0
4 1 16 1 5 2 0
4 1 16 1 6 2 0
4 1 16 1 7 2 0
4 1 16 1 8 2 0
4 1 16 1 9 2 0
4 1 16 1 10 2 0
4 1 15 1 11 2 0
4 1 16 1 11 2 0
1 3 39
3 2
0 0 36 0 94 11244
4 1 17 1 1 2 0
4 1 16 1 2 2 0
4 1 18 1 2 2 0
4 1 16 1 3 2 0
4 1 18 1 3 2 0
4 1 16 1 4 2 0
4 1 18 1 4 2 0
4 1 15 1 5 2 0
4 1 19 1 5 2 0
1 5 39
3 2
0 0 36 0 95 11254
4 1 15 1 11 2 0
4 1 16 1 11 2 0
4 1 17 1 11 2 0
4 1 18 1 11 2 0
4 1 19 1 11 2 0
4 1 20 1 11 2 0
4 1 21 1 11 2 0
1 7 39
3 2
0 0 36 0 96 11259
4 1 16 1 1 2 0
4 1 17 1 2 2 0
1 4 39
3 2
0 0 36 0 97 11280
4 1 17 1 3 2 0
4 1 18 1 3 2 0
4 1 19 1 3 2 0
4 1 16 1 4 2 0
4 1 20 1 4 2 0
4 1 20 1 5 2 0
4 1 17 1 6 2 0
4 1 18 1 6 2 0
4 1 19 1 6 2 0
4 1 20 1 6 2 0
4 1 16 1 7 2 0
4 1 20 1 7 2 0
4 1 16 1 8 2 0
4 1 19 1 8 2 0
4 1 20 1 8 2 0
4 1 17 1 9 2 0
4 1 18 1 9 2 0
4 1 20 1 9 2 0
1 7 39
3 2
0 0 36 0 98 11303
4 1 16 1 1 2 0
4 1 16 1 2 2 0
4 1 16 1 3 2 0
4 1 18 1 3 2 0
4 1 19 1 3 2 0
4 1 16 1 4 2 0
4 1 17 1 4 2 0
4 1 20 1 4 2 0
4 1 16 1 5 2 0
4 1 20 1 5 2 0
4 1 16 1 6 2 0
4 1 20 1 6 2 0
4 1 16 1 7 2 0
4 1 20 1 7 2 0
4 1 16 1 8 2 0
4 1 17 1 8 2 0
4 1 20 1 8 2 0
4 1 16 1 9 2 0
4 1 18 1 9 2 0
4 1 19 1 9 2 0
1 7 39
3 2
0 0 36 0 99 11317
4 1 17 1 3 2 0
4 1 18 1 3 2 0
4 1 16 1 4 2 0
4 1 19 1 4 2 0
4 1 16 1 5 2 0
4 1 16 1 6 2 0
4 1 16 1 7 2 0
4 1 16 1 8 2 0
4 1 19 1 8 2 0
4 1 17 1 9 2 0
4 1 18 1 9 2 0
1 6 39
3 2
0 0 36 0 100 11340
4 1 20 1 1 2 0
4 1 20 1 2 2 0
4 1 17 1 3 2 0
4 1 18 1 3 2 0
4 1 20 1 3 2 0
4 1 16 1 4 2 0
4 1 19 1 4 2 0
4 1 20 1 4 2 0
4 1 16 1 5 2 0
4 1 20 1 5 2 0
4 1 16 1 6 2 0
4 1 20 1 6 2 0
4 1 16 1 7 2 0
4 1 20 1 7 2 0
4 1 16 1 8 2 0
4 1 19 1 8 2 0
4 1 20 1 8 2 0
4 1 17 1 9 2 0
4 1 18 1 9 2 0
4 1 20 1 9 2 0
1 7 39
3 2
0 0 36 0 101 11361
4 1 17 1 3 2 0
4 1 18 1 3 2 0
4 1 19 1 3 2 0
4 1 16 1 4 2 0
4 1 20 1 4 2 0
4 1 16 1 5 2 0
4 1 20 1 5 2 0
4 1 16 1 6 2 0
4 1 17 1 6 2 0
4 1 18 1 6 2 0
4 1 19 1 6 2 0
4 1 20 1 6 2 0
4 1 16 1 7 2 0
4 1 16 1 8 2 0
4 1 20 1 8 2 0
4 1 17 1 9 2 0
4 1 18 1 9 2 0
4 1 19 1 9 2 0
1 7 39
3 2
0 0 36 0 102 11375
4 1 17 1 1 2 0
4 1 16 1 2 2 0
4 1 15 1 3 2 0
4 1 16 1 3 2 0
4 1 17 1 3 2 0
4 1 16 1 4 2 0
4 1 16 1 5 2 0
4 1 16 1 6 2 0
4 1 16 1 7 2 0
4 1 16 1 8 2 0
4 1 16 1 9 2 0
1 3 39
3 2
0 0 36 0 103 11401
4 1 17 1 3 2 0
4 1 18 1 3 2 0
4 1 20 1 3 2 0
4 1 16 1 4 2 0
4 1 19 1 4 2 0
4 1 20 1 4 2 0
4 1 16 1 5 2 0
4 1 20 1 5 2 0
4 1 16 1 6 2 0
4 1 20 1 6 2 0
4 1 16 1 7 2 0
4 1 20 1 7 2 0
4 1 16 1 8 2 0
4 1 19 1 8 2 0
4 1 20 1 8 2 0
4 1 17 1 9 2 0
4 1 18 1 9 2 0
4 1 20 1 9 2 0
4 1 20 1 10 2 0
4 1 16 1 11 2 0
4 1 17 1 11 2 0
4 1 18 1 11 2 0
4 1 19 1 11 2 0
1 7 39
3 2
0 0 36 0 104 11422
4 1 16 1 1 2 0
4 1 16 1 2 2 0
4 1 16 1 3 2 0
4 1 18 1 3 2 0
4 1 19 1 3 2 0
4 1 16 1 4 2 0
4 1 17 1 4 2 0
4 1 20 1 4 2 0
4 1 16 1 5 2 0
4 1 20 1 5 2 0
4 1 16 1 6 2 0
4 1 20 1 6 2 0
4 1 16 1 7 2 0
4 1 20 1 7 2 0
4 1 16 1 8 2 0
4 1 20 1 8 2 0
4 1 16 1 9 2 0
4 1 20 1 9 2 0
1 7 39
3 2
0 0 36 0 105 11433
4 1 16 1 1 2 0
4 1 16 1 3 2 0
4 1 16 1 4 2 0
4 1 16 1 5 2 0
4 1 16 1 6 2 0
4 1 16 1 7 2 0
4 1 16 1 8 2 0
4 1 16 1 9 2 0
1 3 39
3 2
0 0 36 0 106 11446
4 1 16 1 1 2 0
4 1 16 1 3 2 0
4 1 16 1 4 2 0
4 1 16 1 5 2 0
4 1 16 1 6 2 0
4 1 16 1 7 2 0
4 1 16 1 8 2 0
4 1 16 1 9 2 0
4 1 16 1 10 2 0
4 1 15 1 11 2 0
1 3 39
3 2
0 0 36 0 107 11466
4 1 16 1 1 2 0
4 1 16 1 2 2 0
4 1 16 1 3 2 0
4 1 20 1 3 2 0
4 1 16 1 4 2 0
4 1 19 1 4 2 0
4 1 16 1 5 2 0
4 1 18 1 5 2 0
4 1 16 1 6 2 0
4 1 17 1 6 2 0
4 1 18 1 6 2 0
4 1 16 1 7 2 0
4 1 19 1 7 2 0
4 1 16 1 8 2 0
4 1 19 1 8 2 0
4 1 16 1 9 2 0
4 1 20 1 9 2 0
1 6 39
3 2
0 0 36 0 108 11478
4 1 16 1 1 2 0
4 1 16 1 2 2 0
4 1 16 1 3 2 0
4 1 16 1 4 2 0
4 1 16 1 5 2 0
4 1 16 1 6 2 0
4 1 16 1 7 2 0
4 1 16 1 8 2 0
4 1 16 1 9 2 0
1 3 39
3 2
0 0 36 0 109 11506
4 1 16 1 3 2 0
4 1 18 1 3 2 0
4 1 19 1 3 2 0
4 1 22 1 3 2 0
4 1 23 1 3 2 0
4 1 16 1 4 2 0
4 1 17 1 4 2 0
4 1 20 1 4 2 0
4 1 21 1 4 2 0
4 1 24 1 4 2 0
4 1 16 1 5 2 0
4 1 20 1 5 2 0
4 1 24 1 5 2 0
4 1 16 1 6 2 0
4 1 20 1 6 2 0
4 1 24 1 6 2 0
4 1 16 1 7 2 0
4 1 20 1 7 2 0
4 1 24 1 7 2 0
4 1 16 1 8 2 0
4 1 20 1 8 2 0
4 1 24 1 8 2 0
4 1 16 1 9 2 0
4 1 20 1 9 2 0
4 1 24 1 9 2 0
1 11 39
3 2
0 0 36 0 110 11525
4 1 16 1 3 2 0
4 1 18 1 3 2 0
4 1 19 1 3 2 0
4 1 16 1 4 2 0
4 1 17 1 4 2 0
4 1 20 1 4 2 0
4 1 16 1 5 2 0
4 1 20 1 5 2 0
4 1 16 1 6 2 0
4 1 20 1 6 2 0
4 1 16 1 7 2 0
4 1 20 1 7 2 0
4 1 16 1 8 2 0
4 1 20 1 8 2 0
4 1 16 1 9 2 0
4 1 20 1 9 2 0
1 7 39
3 2
0 0 36 0 111 11544
4 1 17 1 3 2 0
4 1 18 1 3 2 0
4 1 19 1 3 2 0
4 1 16 1 4 2 0
4 1 20 1 4 2 0
4 1 16 1 5 2 0
4 1 20 1 5 2 0
4 1 16 1 6 2 0
4 1 20 1 6 2 0
4 1 16 1 7 2 0
4 1 20 1 7 2 0
4 1 16 1 8 2 0
4 1 20 1 8 2 0
4 1 17 1 9 2 0
4 1 18 1 9 2 0
4 1 19 1 9 2 0
1 7 39
3 2
0 0 36 0 112 11567
4 1 16 1 3 2 0
4 1 18 1 3 2 0
4 1 19 1 3 2 0
4 1 16 1 4 2 0
4 1 17 1 4 2 0
4 1 20 1 4 2 0
4 1 16 1 5 2 0
4 1 20 1 5 2 0
4 1 16 1 6 2 0
4 1 20 1 6 2 0
4 1 16 1 7 2 0
4 1 20 1 7 2 0
4 1 16 1 8 2 0
4 1 17 1 8 2 0
4 1 20 1 8 2 0
4 1 16 1 9 2 0
4 1 18 1 9 2 0
4 1 19 1 9 2 0
4 1 16 1 10 2 0
4 1 16 1 11 2 0
1 7 39
3 2
0 0 36 0 113 11590
4 1 17 1 3 2 0
4 1 18 1 3 2 0
4 1 20 1 3 2 0
4 1 16 1 4 2 0
4 1 19 1 4 2 0
4 1 20 1 4 2 0
4 1 16 1 5 2 0
4 1 20 1 5 2 0
4 1 16 1 6 2 0
4 1 20 1 6 2 0
4 1 16 1 7 2 0
4 1 20 1 7 2 0
4 1 16 1 8 2 0
4 1 19 1 8 2 0
4 1 20 1 8 2 0
4 1 17 1 9 2 0
4 1 18 1 9 2 0
4 1 20 1 9 2 0
4 1 20 1 10 2 0
4 1 20 1 11 2 0
1 7 39
3 2
0 0 36 0 114 11602
4 1 16 1 3 2 0
4 1 18 1 3 2 0
4 1 16 1 4 2 0
4 1 17 1 4 2 0
4 1 16 1 5 2 0
4 1 16 1 6 2 0
4 1 16 1 7 2 0
4 1 16 1 8 2 0
4 1 16 1 9 2 0
1 4 39
3 2
0 0 36 0 115 11620
4 1 17 1 3 2 0
4 1 18 1 3 2 0
4 1 19 1 3 2 0
4 1 16 1 4 2 0
4 1 20 1 4 2 0
4 1 16 1 5 2 0
4 1 17 1 6 2 0
4 1 18 1 6 2 0
4 1 19 1 6 2 0
4 1 20 1 7 2 0
4 1 16 1 8 2 0
4 1 20 1 8 2 0
4 1 17 1 9 2 0
4 1 18 1 9 2 0
4 1 19 1 9 2 0
1 7 39
3 2
0 0 36 0 116 11635
4 1 16 1 1 2 0
4 1 16 1 2 2 0
4 1 15 1 3 2 0
4 1 16 1 3 2 0
4 1 17 1 3 2 0
4 1 16 1 4 2 0
4 1 16 1 5 2 0
4 1 16 1 6 2 0
4 1 16 1 7 2 0
4 1 16 1 8 2 0
4 1 16 1 9 2 0
4 1 17 1 9 2 0
1 3 39
3 2
0 0 36 0 117 11654
4 1 16 1 3 2 0
4 1 20 1 3 2 0
4 1 16 1 4 2 0
4 1 20 1 4 2 0
4 1 16 1 5 2 0
4 1 20 1 5 2 0
4 1 16 1 6 2 0
4 1 20 1 6 2 0
4 1 16 1 7 2 0
4 1 20 1 7 2 0
4 1 16 1 8 2 0
4 1 20 1 8 2 0
4 1 17 1 9 2 0
4 1 18 1 9 2 0
4 1 19 1 9 2 0
4 1 20 1 9 2 0
1 7 39
3 2
0 0 36 0 118 11669
4 1 15 1 3 2 0
4 1 19 1 3 2 0
4 1 15 1 4 2 0
4 1 19 1 4 2 0
4 1 16 1 5 2 0
4 1 18 1 5 2 0
4 1 16 1 6 2 0
4 1 18 1 6 2 0
4 1 16 1 7 2 0
4 1 18 1 7 2 0
4 1 17 1 8 2 0
4 1 17 1 9 2 0
1 5 39
3 2
0 0 36 0 119 11694
4 1 15 1 3 2 0
4 1 19 1 3 2 0
4 1 23 1 3 2 0
4 1 15 1 4 2 0
4 1 19 1 4 2 0
4 1 23 1 4 2 0
4 1 16 1 5 2 0
4 1 18 1 5 2 0
4 1 20 1 5 2 0
4 1 22 1 5 2 0
4 1 16 1 6 2 0
4 1 18 1 6 2 0
4 1 20 1 6 2 0
4 1 22 1 6 2 0
4 1 16 1 7 2 0
4 1 18 1 7 2 0
4 1 20 1 7 2 0
4 1 22 1 7 2 0
4 1 17 1 8 2 0
4 1 21 1 8 2 0
4 1 17 1 9 2 0
4 1 21 1 9 2 0
1 9 39
3 2
0 0 36 0 120 11710
4 1 15 1 3 2 0
4 1 19 1 3 2 0
4 1 16 1 4 2 0
4 1 18 1 4 2 0
4 1 16 1 5 2 0
4 1 18 1 5 2 0
4 1 17 1 6 2 0
4 1 16 1 7 2 0
4 1 18 1 7 2 0
4 1 16 1 8 2 0
4 1 18 1 8 2 0
4 1 15 1 9 2 0
4 1 19 1 9 2 0
1 5 39
3 2
0 0 36 0 121 11727
4 1 15 1 3 2 0
4 1 19 1 3 2 0
4 1 15 1 4 2 0
4 1 19 1 4 2 0
4 1 16 1 5 2 0
4 1 18 1 5 2 0
4 1 16 1 6 2 0
4 1 18 1 6 2 0
4 1 16 1 7 2 0
4 1 18 1 7 2 0
4 1 17 1 8 2 0
4 1 17 1 9 2 0
4 1 17 1 10 2 0
4 1 16 1 11 2 0
1 5 39
3 2
0 0 36 0 122 11745
4 1 15 1 3 2 0
4 1 16 1 3 2 0
4 1 17 1 3 2 0
4 1 18 1 3 2 0
4 1 19 1 3 2 0
4 1 18 1 4 2 0
4 1 18 1 5 2 0
4 1 17 1 6 2 0
4 1 16 1 7 2 0
4 1 16 1 8 2 0
4 1 15 1 9 2 0
4 1 16 1 9 2 0
4 1 17 1 9 2 0
4 1 18 1 9 2 0
4 1 19 1 9 2 0
1 5 39
3 2
0 0 36 0 123 11759
4 1 17 1 1 2 0
4 1 16 1 2 2 0
4 1 16 1 3 2 0
4 1 16 1 4 2 0
4 1 16 1 5 2 0
4 1 15 1 6 2 0
4 1 16 1 7 2 0
4 1 16 1 8 2 0
4 1 16 1 9 2 0
4 1 16 1 10 2 0
4 1 17 1 11 2 0
1 4 39
3 2
0 0 36 0 124 11773
4 1 16 1 1 2 0
4 1 16 1 2 2 0
4 1 16 1 3 2 0
4 1 16 1 4 2 0
4 1 16 1 5 2 0
4 1 16 1 6 2 0
4 1 16 1 7 2 0
4 1 16 1 8 2 0
4 1 16 1 9 2 0
4 1 16 1 10 2 0
4 1 16 1 11 2 0
1 3 39
3 2
0 0 36 0 125 11787
4 1 16 1 1 2 0
4 1 17 1 2 2 0
4 1 17 1 3 2 0
4 1 17 1 4 2 0
4 1 17 1 5 2 0
4 1 18 1 6 2 0
4 1 17 1 7 2 0
4 1 17 1 8 2 0
4 1 17 1 9 2 0
4 1 17 1 10 2 0
4 1 16 1 11 2 0
1 4 39
3 2
0 0 36 0 126 11796
4 1 17 1 5 2 0
4 1 18 1 5 2 0
4 1 21 1 5 2 0
4 1 16 1 6 2 0
4 1 19 1 6 2 0
4 1 20 1 6 2 0
1 7 39
3 2
0 0 36 0 127 11799
1 6 39
3 2
1 0 39
3 2

